1 1 1.204037 
1 2 11.204037 
1 3 -18.469457 
1 4 -10.949457 
2 1 1.200937 
2 2 11.200937 
2 3 -18.463657 
2 4 -10.943657 
3 1 1.194837 
3 2 11.194837 
3 3 -18.472057 
3 4 -10.932057 
4 1 1.185516 
4 2 11.185516 
4 3 -18.474668 
4 4 -10.914668 
5 1 1.173073 
5 2 11.173073 
5 3 -18.471491 
5 4 -10.891491 
6 1 1.157630 
6 2 11.157630 
6 3 -18.462514 
6 4 -10.862514 
7 1 1.139044 
7 2 11.139044 
7 3 -18.467860 
7 4 -10.827860 
8 1 1.117237 
8 2 11.117237 
8 3 -18.467417 
8 4 -10.787417 
9 1 1.092408 
9 2 11.092408 
9 3 -18.461286 
9 4 -10.741286 
10 1 1.064515 
10 2 11.064515 
10 3 -18.469489 
10 4 -10.689489 
11 1 1.033401 
11 2 11.033401 
11 3 -18.472104 
11 4 -10.632104 
12 1 0.999144 
12 2 10.999144 
12 3 -18.469242 
12 4 -10.569242 
13 1 0.961844 
13 2 10.961844 
13 3 -18.460804 
13 4 -10.500804 
14 1 0.921280 
14 2 10.921280 
14 3 -18.467001 
14 4 -10.427001 
15 1 0.877574 
15 2 10.877574 
15 3 -18.467822 
15 4 -10.347822 
16 1 0.830826 
16 2 10.830826 
16 3 -18.463467 
16 4 -10.263467 
17 1 0.780793 
17 2 10.780793 
17 3 -18.473860 
17 4 -10.173860 
18 1 0.727518 
18 2 10.727518 
18 3 -18.459277 
18 4 -10.079277 
19 1 0.671081 
19 2 10.671081 
19 3 -18.459732 
19 4 -9.979732 
20 1 0.611359 
20 2 10.611359 
20 3 -18.475337 
20 4 -9.875337 
21 1 0.548397 
21 2 10.548397 
21 3 -18.466268 
21 4 -9.766268 
22 1 0.482152 
22 2 10.482152 
22 3 -18.472650 
22 4 -9.652650 
23 1 0.412666 
23 2 10.412666 
23 3 -18.474560 
23 4 -9.534560 
24 1 0.339799 
24 2 10.339799 
24 3 -18.472123 
24 4 -9.412123 
25 1 0.263551 
25 2 10.263551 
25 3 -18.465739 
25 4 -9.285739 
26 1 0.184064 
26 2 10.184064 
26 3 -18.475286 
26 4 -9.155286 
27 1 0.101097 
27 2 10.101097 
27 3 -18.461189 
27 4 -9.021189 
28 1 0.014893 
28 2 10.014893 
28 3 -18.463424 
28 4 -8.883424 
29 1 -0.074790 
29 2 9.925210 
29 3 -18.462217 
29 4 -8.742217 
30 1 -0.167909 
30 2 9.832091 
30 3 -18.457844 
30 4 -8.597844 
31 1 -0.264404 
31 2 9.735596 
31 3 -18.450432 
31 4 -8.450432 
32 1 -0.364234 
32 2 9.635766 
32 3 -18.300057 
32 4 -8.300057 
33 1 -0.467499 
33 2 9.532501 
33 3 -18.147117 
33 4 -8.147117 
34 1 -0.574216 
34 2 9.425784 
34 3 -17.991630 
34 4 -7.991630 
35 1 -0.684367 
35 2 9.315633 
35 3 -17.833881 
35 4 -7.833881 
36 1 -0.797869 
36 2 9.202131 
36 3 -17.673985 
36 4 -7.673985 
37 1 -0.914782 
37 2 9.085218 
37 3 -17.512217 
37 4 -7.512217 
38 1 -1.035125 
38 2 8.964875 
38 3 -17.348589 
38 4 -7.348589 
39 1 -1.158798 
39 2 8.841202 
39 3 -17.183305 
39 4 -7.183305 
40 1 -1.285780 
40 2 8.714220 
40 3 -17.016649 
40 4 -7.016649 
41 1 -1.416051 
41 2 8.583949 
41 3 -16.848607 
41 4 -6.848607 
42 1 -1.549550 
42 2 8.450450 
42 3 -16.679509 
42 4 -6.679509 
43 1 -1.686337 
43 2 8.313663 
43 3 -16.509327 
43 4 -6.509327 
44 1 -1.826313 
44 2 8.173687 
44 3 -16.338359 
44 4 -6.338359 
45 1 -1.969377 
45 2 8.030623 
45 3 -16.166505 
45 4 -6.166505 
46 1 -2.115529 
46 2 7.884471 
46 3 -15.994067 
46 4 -5.994067 
47 1 -2.264731 
47 2 7.735269 
47 3 -15.821111 
47 4 -5.981111 
48 1 -2.416804 
48 2 7.583196 
48 3 -15.647554 
48 4 -5.987554 
49 1 -2.571729 
49 2 7.428271 
49 3 -15.473677 
49 4 -5.993677 
50 1 -2.729406 
50 2 7.270594 
50 3 -15.299381 
50 4 -5.999381 
51 1 -2.889800 
51 2 7.110200 
51 3 -15.124832 
51 4 -5.984832 
52 1 -3.052749 
52 2 6.947251 
52 3 -14.949860 
52 4 -5.989860 
53 1 -3.218100 
53 2 6.781900 
53 3 -14.774615 
53 4 -5.994615 
54 1 -3.385872 
54 2 6.614128 
54 3 -14.599113 
54 4 -5.999113 
55 1 -3.555848 
55 2 6.444152 
55 3 -14.423134 
55 4 -5.983134 
56 1 -3.727896 
56 2 6.272104 
56 3 -14.246644 
56 4 -5.986644 
57 1 -3.901934 
57 2 6.098066 
57 3 -14.069756 
57 4 -5.989756 
58 1 -4.077747 
58 2 5.922253 
58 3 -13.892154 
58 4 -5.992154 
59 1 -4.255319 
59 2 5.744681 
59 3 -13.713717 
59 4 -5.993717 
60 1 -4.434351 
60 2 5.565649 
60 3 -13.534445 
60 4 -5.994445 
61 1 -4.614744 
61 2 5.385256 
61 3 -13.354037 
61 4 -5.994037 
62 1 -4.796364 
62 2 5.203636 
62 3 -13.172357 
62 4 -5.992357 
63 1 -4.979030 
63 2 5.020970 
63 3 -12.989223 
63 4 -5.989223 
64 1 -5.162641 
64 2 4.837359 
64 3 -12.804434 
64 4 -5.984434 
65 1 -5.346978 
65 2 4.653022 
65 3 -12.617874 
65 4 -5.997874 
66 1 -5.531725 
66 2 4.468275 
66 3 -12.429127 
66 4 -5.989127 
67 1 -5.717013 
67 2 4.282987 
67 3 -12.238228 
67 4 -5.998228 
68 1 -5.902323 
68 2 0.217677 
68 3 -12.044863 
68 4 -5.984863 
69 1 -6.087654 
69 2 -0.167654 
69 3 -11.848735 
69 4 -5.988735 
70 1 -6.272701 
70 2 -0.552701 
70 3 -11.649846 
70 4 -5.989846 
71 1 -6.457279 
71 2 -0.937279 
71 3 -11.447917 
71 4 -5.987917 
72 1 -6.640967 
72 2 -1.180967 
72 3 -11.242836 
72 4 -5.702836 
73 1 -6.823696 
73 2 -1.283696 
73 3 -11.034540 
73 4 -5.594540 
74 1 -7.005146 
74 2 -1.585146 
74 3 -10.822917 
74 4 -5.242917 
75 1 -7.185028 
75 2 -1.625028 
75 3 -10.607889 
75 4 -5.187889 
76 1 -7.363160 
76 2 -1.983160 
76 3 -10.389476 
76 4 -4.969476 
77 1 -7.539035 
77 2 -2.139035 
77 3 -10.167583 
77 4 -4.787583 
78 1 -7.712652 
78 2 -2.392652 
78 3 -9.942117 
78 4 -4.462117 
79 1 -7.883525 
79 2 -2.423525 
79 3 -9.713397 
79 4 -4.393397 
80 1 -8.051551 
80 2 -2.791551 
80 3 -9.481229 
80 4 -4.141229 
81 1 -8.216366 
81 2 -2.896366 
81 3 -9.245747 
81 4 -3.985747 
82 1 -8.377849 
82 2 -3.197849 
82 3 -9.007141 
82 4 -3.787141 
83 1 -8.535637 
83 2 -3.335637 
83 3 -8.765543 
83 4 -3.585543 
84 1 -8.689508 
84 2 -3.589508 
84 3 -8.520944 
84 4 -3.420944 
85 1 -3.959282 
85 2 -3.739282 
85 3 -8.273762 
85 4 -3.193762 
86 1 -8.984899 
86 2 -3.844899 
86 3 -3.264124 
86 4 -2.764124 
87 1 -9.126039 
87 2 -3.986039 
87 3 -3.012121 
87 4 -2.512121 
88 1 -9.262722 
88 2 -4.002722 
88 3 -7.518167 
88 4 -2.398167 
89 1 -8.254671 
89 2 -4.254671 
89 3 -2.502574 
89 4 -2.002574 
90 1 -8.381807 
90 2 -4.381807 
90 3 -2.245556 
90 4 -1.745556 
91 1 -7.984255 
91 2 -4.384255 
91 3 -2.067222 
91 4 -1.407222 
92 1 -7.981995 
92 2 -4.381995 
92 3 -1.887959 
92 4 -1.067959 
93 1 -7.994995 
93 2 -4.394995 
93 3 -1.727899 
93 4 -0.707899 
94 1 -7.983413 
94 2 -4.383413 
94 3 -1.747216 
94 4 -0.387216 
95 1 -7.987296 
95 2 -4.707296 
95 3 -5.706228 
95 4 -0.286228 
96 1 -7.986768 
96 2 -4.786768 
96 3 -5.445041 
96 4 -0.045041 
97 1 -7.981812 
97 2 -4.781812 
97 3 -5.184040 
97 4 0.315960 
98 1 -7.992727 
98 2 -4.792727 
98 3 -4.923222 
98 4 0.696778 
99 1 -7.999464 
99 2 -4.799464 
99 3 -4.662899 
99 4 1.077101 
100 1 -8.382277 
100 2 -4.782277 
100 3 -0.223251 
100 4 1.436749 
101 1 -8.381316 
101 2 -4.781316 
101 3 -0.084489 
101 4 5.855511 
102 1 -8.396783 
102 2 -4.796783 
102 3 0.033293 
102 4 6.113293 
103 1 -8.388779 
103 2 -4.788779 
103 3 0.369800 
103 4 6.369800 
104 1 -8.797383 
104 2 -4.797383 
104 3 0.485042 
104 4 6.625042 
105 1 -8.782920 
105 2 -4.782920 
105 3 0.618718 
105 4 6.878718 
106 1 -8.785491 
106 2 -4.785491 
106 3 0.930831 
106 4 7.130831 
107 1 -8.785322 
107 2 -4.785322 
107 3 1.041181 
107 4 7.381181 
108 1 -8.782665 
108 2 -4.782665 
108 3 1.149782 
108 4 7.629782 
109 1 -9.197447 
109 2 -4.797447 
109 3 1.436432 
109 4 7.876432 
110 1 -9.190068 
110 2 -4.390068 
110 3 1.601035 
110 4 8.121035 
111 1 -9.180505 
111 2 -4.380505 
111 3 1.603600 
111 4 8.363600 
112 1 -9.189082 
112 2 -4.389082 
112 3 1.604122 
112 4 8.604122 
113 1 -9.195876 
113 2 -4.395876 
113 3 1.802411 
113 4 8.842411 
114 1 -9.181088 
114 2 -4.321088 
114 3 1.958569 
114 4 9.078569 
115 1 -9.584718 
115 2 -3.984718 
115 3 2.012596 
115 4 9.312596 
116 1 -9.586942 
116 2 -3.986942 
116 3 2.044300 
116 4 9.544300 
117 1 -9.587986 
117 2 -3.987986 
117 3 2.113877 
117 4 9.773877 
118 1 -9.587824 
118 2 -1.547824 
118 3 2.401233 
118 4 10.001233 
119 1 -9.586634 
119 2 -1.586634 
119 3 2.406273 
119 4 10.226273 
120 1 -9.584439 
120 2 -1.624439 
120 3 2.409194 
120 4 10.449194 
121 1 -9.581415 
121 2 -1.661415 
121 3 2.409901 
121 4 10.669901 
122 1 -9.997488 
122 2 -1.697488 
122 3 2.808491 
122 4 10.888491 
123 1 -9.992908 
123 2 -1.732908 
123 3 2.804871 
123 4 11.104871 
124 1 -9.987700 
124 2 -1.767700 
124 3 2.819038 
124 4 11.319038 
125 1 -9.981740 
125 2 -1.801740 
125 3 2.811197 
125 4 11.531197 
126 1 -9.995327 
126 2 -1.835327 
126 3 2.801147 
126 4 11.741147 
127 1 -10.388363 
127 2 -1.868363 
127 3 3.609090 
127 4 11.949090 
128 1 -10.380971 
128 2 -1.900971 
128 3 3.615020 
128 4 12.155020 
129 1 -10.393103 
129 2 -1.933103 
129 3 3.618947 
129 4 12.358947 
130 1 -10.384859 
130 2 -1.964859 
130 3 3.600770 
130 4 12.560770 
131 1 -10.396263 
131 2 -1.996263 
131 3 3.600685 
131 4 12.760685 
132 1 -10.387291 
132 2 -2.027291 
132 3 3.618697 
132 4 12.958697 
133 1 -10.798167 
133 2 -2.058167 
133 3 4.814800 
133 4 13.154800 
134 1 -10.788667 
134 2 -2.088667 
134 3 4.809000 
134 4 13.349000 
135 1 -10.798891 
135 2 -2.118891 
135 3 4.801297 
135 4 13.541297 
136 1 -10.788939 
136 2 -2.148939 
136 3 4.811889 
136 4 13.731889 
137 1 -10.798787 
137 2 -2.178787 
137 3 4.800581 
137 4 13.920581 
138 1 -10.788483 
138 2 -2.208483 
138 3 4.807566 
138 4 14.107566 
139 1 -11.197903 
139 2 -2.237903 
139 3 5.612847 
139 4 14.292847 
140 1 -11.187323 
140 2 -2.267323 
140 3 5.616528 
140 4 14.476528 
141 1 -11.196467 
141 2 -2.296467 
141 3 5.618405 
141 4 14.658405 
142 1 -11.185635 
142 2 -2.325635 
142 3 5.618778 
142 4 14.838778 
143 1 -11.194603 
143 2 -2.354603 
143 3 5.617451 
143 4 15.017451 
144 1 -11.183496 
144 2 -2.383496 
144 3 5.614720 
144 4 15.194720 
145 1 -11.592312 
145 2 -2.412312 
145 3 6.410385 
145 4 15.370385 
146 1 -11.581028 
146 2 -2.441028 
146 3 6.404550 
146 4 15.544550 
147 1 -11.589768 
147 2 -2.469768 
147 3 6.417310 
147 4 15.717310 
148 1 -11.598408 
148 2 -2.498408 
148 3 6.408571 
148 4 15.888571 
149 1 -11.987048 
149 2 -2.527048 
149 3 6.818531 
149 4 16.018531 
150 1 -11.995712 
150 2 -2.555712 
150 3 6.807087 
150 4 16.007087 
151 1 -11.984299 
151 2 -2.784299 
151 3 6.814338 
151 4 16.394338 
152 1 -11.992887 
152 2 -2.792887 
152 3 6.800389 
152 4 16.400389 
153 1 -12.381475 
153 2 -2.781475 
153 3 7.205140 
153 4 16.405140 
154 1 -12.390087 
154 2 -2.790087 
154 3 7.208586 
154 4 16.408586 
155 1 -12.398698 
155 2 -2.798698 
155 3 7.210932 
155 4 16.410932 
156 1 -12.387434 
156 2 -3.547434 
156 3 7.212173 
156 4 16.432173 
157 1 -12.756169 
157 2 -3.576169 
157 3 7.612214 
157 4 16.592214 
158 1 -12.785028 
158 2 -3.585028 
158 3 7.611150 
158 4 16.731150 
159 1 -12.793887 
159 2 -3.593887 
159 3 7.689086 
159 4 16.809086 
160 1 -12.782770 
160 2 -3.862770 
160 3 7.846016 
160 4 16.866016 
161 1 -12.871853 
161 2 -3.991853 
161 3 8.001946 
161 4 16.921946 
162 1 -12.900960 
162 2 -3.980960 
162 3 8.156871 
162 4 17.216871 
163 1 -12.930266 
163 2 -4.050266 
163 3 8.310895 
163 4 17.210895 
164 1 -12.959697 
164 2 -4.119697 
164 3 8.464014 
164 4 17.204014 
165 1 -12.989275 
165 2 -4.209275 
165 3 8.616223 
165 4 17.216223 
166 1 -13.018952 
166 2 -4.398952 
166 3 8.767632 
166 4 17.547632 
167 1 -13.048978 
167 2 -4.388978 
167 3 8.918229 
167 4 17.618229 
168 1 -13.079227 
168 2 -4.439227 
168 3 9.068021 
168 4 17.608021 
169 1 -13.109723 
169 2 -4.729723 
169 3 9.217003 
169 4 17.617003 
170 1 -13.140467 
170 2 -4.800467 
170 3 9.365173 
170 4 17.605173 
171 1 -13.171658 
171 2 -5.091658 
171 3 9.512731 
171 4 17.632731 
172 1 -13.203244 
172 2 -5.183244 
172 3 9.659468 
172 4 17.839468 
173 1 -13.235300 
173 2 -5.195300 
173 3 9.805386 
173 4 17.965386 
174 1 -13.267975 
174 2 -5.187975 
174 3 9.950676 
174 4 18.010676 
175 1 -13.301268 
175 2 -5.241268 
175 3 10.095135 
175 4 18.015135 
176 1 -13.335426 
176 2 -5.555426 
176 3 10.238852 
176 4 18.058852 
177 1 -13.370448 
177 2 -5.590448 
177 3 10.381823 
177 4 18.201823 
178 1 -13.406604 
178 2 -5.586604 
178 3 10.523828 
178 4 18.403828 
179 1 -13.444041 
179 2 -5.604041 
179 3 10.664951 
179 4 18.404951 
180 1 -13.482903 
180 2 -5.902903 
180 3 10.804972 
180 4 18.424972 
181 1 -13.523682 
181 2 -5.863682 
181 3 10.943757 
181 4 18.463757 
182 1 -13.566644 
182 2 -5.966644 
182 3 11.081171 
182 4 18.461171 
183 1 -13.612246 
183 2 -5.892246 
183 3 11.216944 
183 4 18.476944 
184 1 -13.660992 
184 2 -5.980992 
184 3 11.350607 
184 4 18.470607 
185 1 -13.704453 
185 2 -5.924453 
185 3 11.459160 
185 4 18.459160 
186 1 -13.705326 
186 2 -5.945326 
186 3 11.456658 
186 4 18.476658 
187 1 -13.754469 
187 2 -5.874469 
187 3 11.566078 
187 4 18.466078 
188 1 -13.800437 
188 2 -5.980437 
188 3 11.660604 
188 4 18.460604 
189 1 -13.840372 
189 2 -5.980372 
189 3 11.741779 
189 4 18.461779 
190 1 -13.848759 
190 2 -5.968759 
190 3 11.766296 
190 4 18.466296 
191 1 -13.862011 
191 2 -5.982011 
191 3 11.942038 
191 4 18.462038 
192 1 -13.845575 
192 2 -5.985575 
192 3 12.087231 
192 4 18.467231 
193 1 -13.815721 
193 2 -5.895721 
193 3 12.203301 
193 4 18.463301 
194 1 -13.783539 
194 2 -5.983539 
194 3 12.284774 
194 4 18.464774 
195 1 -13.751733 
195 2 -5.871733 
195 3 12.369518 
195 4 18.469518 
196 1 -13.735792 
196 2 -5.895792 
196 3 12.334073 
196 4 18.474073 
197 1 -13.706027 
197 2 -5.986027 
197 3 12.405131 
197 4 18.465131 
198 1 -13.698630 
198 2 -5.918630 
198 3 12.265919 
198 4 18.465919 
199 1 -13.714979 
199 2 -5.974979 
199 3 12.225237 
199 4 18.465237 
200 1 -13.838669 
200 2 -5.958669 
200 3 12.171614 
200 4 18.471614 
