1 1 0.102747 
1 2 10.102747 
1 3 -18.459713 
1 4 -8.879713 
2 1 0.099647 
2 2 10.099647 
2 3 -18.473913 
2 4 -8.873913 
3 1 0.093547 
3 2 10.093547 
3 3 -18.462313 
3 4 -8.862313 
4 1 0.084018 
4 2 10.084018 
4 3 -18.465035 
4 4 -8.845035 
5 1 0.071162 
5 2 10.071162 
5 3 -18.462078 
5 4 -8.822078 
6 1 0.055305 
6 2 10.055305 
6 3 -18.473321 
6 4 -8.793321 
7 1 0.035891 
7 2 10.035891 
7 3 -18.459108 
7 4 -8.759108 
8 1 0.013050 
8 2 10.013050 
8 3 -18.459217 
8 4 -8.719217 
9 1 -0.013020 
9 2 9.986980 
9 3 -18.473749 
9 4 -8.673749 
10 1 -0.042773 
10 2 9.957227 
10 3 -18.462948 
10 4 -8.622948 
11 1 -0.075953 
11 2 9.924047 
11 3 -18.466671 
11 4 -8.566671 
12 1 -0.112688 
12 2 9.887312 
12 3 -18.465142 
12 4 -8.505142 
13 1 -0.152876 
13 2 9.847124 
13 3 -18.438262 
13 4 -8.438262 
14 1 -0.196945 
14 2 9.803055 
14 3 -18.366357 
14 4 -8.366357 
15 1 -0.244564 
15 2 9.755436 
15 3 -18.289306 
15 4 -8.289306 
16 1 -0.295633 
16 2 9.704367 
16 3 -18.207312 
16 4 -8.207312 
17 1 -0.350803 
17 2 9.649197 
17 3 -18.120528 
17 4 -8.120528 
18 1 -0.409617 
18 2 9.590383 
18 3 -18.029008 
18 4 -8.029008 
19 1 -0.472200 
19 2 9.527800 
19 3 -17.932884 
19 4 -7.932884 
20 1 -0.538875 
20 2 9.461125 
20 3 -17.832387 
20 4 -7.832387 
21 1 -0.609184 
21 2 9.390816 
21 3 -17.727473 
21 4 -7.727473 
22 1 -0.683575 
22 2 9.316425 
22 3 -17.618501 
22 4 -7.618501 
23 1 -0.761593 
23 2 9.238407 
23 3 -17.505325 
23 4 -7.505325 
24 1 -0.843783 
24 2 9.156217 
24 3 -17.388311 
24 4 -7.388311 
25 1 -0.930135 
25 2 9.069865 
25 3 -17.267871 
25 4 -7.267871 
26 1 -1.020099 
26 2 8.979901 
26 3 -17.143652 
26 4 -7.143652 
27 1 -1.114312 
27 2 8.885688 
27 3 -17.016330 
27 4 -7.016330 
28 1 -1.212124 
28 2 8.787876 
28 3 -16.885648 
28 4 -6.885648 
29 1 -1.314169 
29 2 8.685831 
29 3 -16.752087 
29 4 -6.752087 
30 1 -1.419999 
30 2 8.580001 
30 3 -16.615687 
30 4 -6.615687 
31 1 -1.529945 
31 2 8.470055 
31 3 -16.476835 
31 4 -6.476835 
32 1 -1.643559 
32 2 8.356441 
32 3 -16.335366 
32 4 -6.335366 
33 1 -1.760935 
33 2 8.239065 
33 3 -16.191689 
33 4 -6.191689 
34 1 -1.882282 
34 2 8.117718 
34 3 -16.045957 
34 4 -6.045957 
35 1 -2.007376 
35 2 7.992624 
35 3 -15.898337 
35 4 -5.998337 
36 1 -2.136320 
36 2 7.863680 
36 3 -15.749088 
36 4 -5.989088 
37 1 -2.268780 
37 2 7.731220 
37 3 -15.598224 
37 4 -5.998224 
38 1 -2.404963 
38 2 7.595037 
38 3 -15.445900 
38 4 -5.985900 
39 1 -2.544759 
39 2 7.455241 
39 3 -15.292328 
39 4 -5.992328 
40 1 -2.687952 
40 2 7.312048 
40 3 -15.137661 
40 4 -5.997661 
41 1 -2.834330 
41 2 7.165670 
41 3 -14.981747 
41 4 -5.981747 
42 1 -2.984202 
42 2 7.015798 
42 3 -14.825203 
42 4 -5.985203 
43 1 -3.137252 
43 2 6.862748 
43 3 -14.667716 
43 4 -5.987716 
44 1 -3.293377 
44 2 6.706623 
44 3 -14.509588 
44 4 -5.989588 
45 1 -3.452477 
45 2 6.547523 
45 3 -14.350715 
45 4 -5.990715 
46 1 -3.614550 
46 2 6.385450 
46 3 -14.191398 
46 4 -5.991398 
47 1 -3.779200 
47 2 6.220800 
47 3 -14.031401 
47 4 -5.991401 
48 1 -3.946431 
48 2 6.053569 
48 3 -13.870781 
48 4 -5.990781 
49 1 -4.116050 
49 2 5.883950 
49 3 -13.709661 
49 4 -5.989661 
50 1 -4.287965 
50 2 5.712035 
50 3 -13.547932 
50 4 -5.987932 
51 1 -4.461799 
51 2 5.538201 
51 3 -13.385435 
51 4 -5.985435 
52 1 -4.637749 
52 2 5.362251 
52 3 -13.222302 
52 4 -5.982302 
53 1 -4.815153 
53 2 5.184847 
53 3 -13.058195 
53 4 -5.998195 
54 1 -4.994219 
54 2 5.005781 
54 3 -12.893270 
54 4 -5.993270 
55 1 -5.174571 
55 2 4.825429 
55 3 -12.727134 
55 4 -5.987134 
56 1 -5.355753 
56 2 4.644247 
56 3 -12.559409 
56 4 -5.999409 
57 1 -5.537872 
57 2 4.462128 
57 3 -12.390355 
57 4 -5.990355 
58 1 -5.720556 
58 2 4.279444 
58 3 -12.219474 
58 4 -5.999474 
59 1 -5.903639 
59 2 0.216361 
59 3 -12.046468 
59 4 -5.986468 
60 1 -6.086834 
60 2 -0.186834 
60 3 -11.871322 
60 4 -5.991322 
61 1 -6.270052 
61 2 -0.590052 
61 3 -11.693725 
61 4 -5.993725 
62 1 -6.452834 
62 2 -0.792834 
62 3 -11.513204 
62 4 -5.993204 
63 1 -6.635168 
63 2 -1.195168 
63 3 -11.329739 
63 4 -5.769739 
64 1 -6.816952 
64 2 -1.196952 
64 3 -11.143129 
64 4 -5.583129 
65 1 -6.997797 
65 2 -1.597797 
65 3 -10.953099 
65 4 -5.553099 
66 1 -7.177208 
66 2 -1.597208 
66 3 -10.759077 
66 4 -5.199077 
67 1 -7.355635 
67 2 -1.975635 
67 3 -10.561446 
67 4 -5.141446 
68 1 -7.532373 
68 2 -1.992373 
68 3 -10.359746 
68 4 -4.799746 
69 1 -7.707394 
69 2 -2.327394 
69 3 -10.153706 
69 4 -4.733706 
70 1 -7.880365 
70 2 -2.380365 
70 3 -9.943360 
70 4 -4.443360 
71 1 -8.051240 
71 2 -2.611240 
71 3 -9.728625 
71 4 -4.388625 
72 1 -8.219390 
72 2 -2.799390 
72 3 -9.509268 
72 4 -3.989268 
73 1 -8.385055 
73 2 -3.105055 
73 3 -9.285587 
73 4 -3.965587 
74 1 -8.547702 
74 2 -3.187702 
74 3 -9.057357 
74 4 -3.617357 
75 1 -8.707179 
75 2 -3.367179 
75 3 -8.824707 
75 4 -3.584707 
76 1 -8.863443 
76 2 -3.583443 
76 3 -8.587857 
76 4 -3.267857 
77 1 -9.015953 
77 2 -3.795953 
77 3 -8.346761 
77 4 -3.186761 
78 1 -9.164671 
78 2 -3.984671 
78 3 -8.101378 
78 4 -2.881378 
79 1 -9.309260 
79 2 -3.989260 
79 3 -7.852225 
79 4 -2.392225 
80 1 -8.849585 
80 2 -4.269585 
80 3 -7.599161 
80 4 -2.379161 
81 1 -8.785633 
81 2 -4.385633 
81 3 -7.342647 
81 4 -2.142647 
82 1 -8.397069 
82 2 -4.397069 
82 3 -7.082779 
82 4 -1.602779 
83 1 -7.983897 
83 2 -4.383897 
83 3 -2.340001 
83 4 -1.280001 
84 1 -7.985687 
84 2 -4.385687 
84 3 -2.154209 
84 4 -0.934209 
85 1 -7.982440 
85 2 -4.382440 
85 3 -2.165990 
85 4 -0.585990 
86 1 -7.994489 
86 2 -4.434489 
86 3 -6.015748 
86 4 -0.395748 
87 1 -7.981313 
87 2 -4.781313 
87 3 -5.743473 
87 4 -0.063473 
88 1 -7.983136 
88 2 -4.783136 
88 3 -5.469719 
88 4 0.310281 
89 1 -7.999891 
89 2 -4.799891 
89 3 -5.194927 
89 4 0.505073 
90 1 -7.991720 
90 2 -4.791720 
90 3 -4.919419 
90 4 0.880581 
91 1 -7.998972 
91 2 -4.798972 
91 3 -4.643406 
91 4 1.276594 
92 1 -8.381435 
92 2 -4.781435 
92 3 -0.367158 
92 4 5.632842 
93 1 -8.399735 
93 2 -4.799735 
93 3 -0.231088 
93 4 5.908912 
94 1 -8.393626 
94 2 -4.793626 
94 3 -0.075151 
94 4 6.184849 
95 1 -8.383609 
95 2 -4.783609 
95 3 0.080175 
95 4 6.460175 
96 1 -8.790050 
96 2 -4.790050 
96 3 0.414736 
96 4 6.734736 
97 1 -8.792739 
97 2 -4.792739 
97 3 0.548274 
97 4 7.008274 
98 1 -8.792000 
98 2 -4.792000 
98 3 0.880829 
98 4 7.280829 
99 1 -8.788246 
99 2 -4.788246 
99 3 1.011972 
99 4 7.551972 
100 1 -8.781312 
100 2 -4.781312 
100 3 1.141723 
100 4 7.821723 
101 1 -9.191811 
101 2 -4.791811 
101 3 1.449762 
101 4 8.089762 
102 1 -9.199968 
102 2 -4.399968 
102 3 1.616046 
102 4 8.356046 
103 1 -9.185902 
103 2 -4.385902 
103 3 1.600326 
103 4 8.620326 
104 1 -9.189486 
104 2 -4.389486 
104 3 1.782724 
104 4 8.882724 
105 1 -9.191283 
105 2 -4.371283 
105 3 1.902912 
105 4 9.142912 
106 1 -9.591409 
106 2 -3.991409 
106 3 2.000937 
106 4 9.400937 
107 1 -9.590330 
107 2 -3.990330 
107 3 2.016581 
107 4 9.656581 
108 1 -9.587857 
108 2 -3.987857 
108 3 2.170011 
108 4 9.910011 
109 1 -9.584151 
109 2 -3.904151 
109 3 2.341003 
109 4 10.161003 
110 1 -9.599623 
110 2 -1.699623 
110 3 2.409492 
110 4 10.409492 
111 1 -9.594028 
111 2 -1.734028 
111 3 2.415567 
111 4 10.655567 
112 1 -9.987926 
112 2 -1.767926 
112 3 2.819202 
112 4 10.899202 
113 1 -9.981171 
113 2 -1.801171 
113 3 2.800276 
113 4 11.140276 
114 1 -9.993968 
114 2 -1.833968 
114 3 2.818912 
114 4 11.378912 
115 1 -9.986321 
115 2 -1.866321 
115 3 2.815131 
115 4 11.615131 
116 1 -10.398180 
116 2 -1.898180 
116 3 3.608799 
116 4 11.848799 
117 1 -10.390001 
117 2 -1.930001 
117 3 3.600082 
117 4 12.080082 
118 1 -10.381535 
118 2 -1.961535 
118 3 3.608942 
118 4 12.308942 
119 1 -10.392727 
119 2 -1.992727 
119 3 3.615336 
119 4 12.535336 
120 1 -10.383834 
120 2 -2.023834 
120 3 3.619425 
120 4 12.759425 
121 1 -10.394802 
121 2 -2.054802 
121 3 3.601162 
121 4 12.981162 
122 1 -10.785789 
122 2 -2.085789 
122 3 4.800611 
122 4 13.200611 
123 1 -10.796584 
123 2 -2.116584 
123 3 4.817763 
123 4 13.417763 
124 1 -10.787444 
124 2 -2.147444 
124 3 4.812580 
124 4 13.632580 
125 1 -10.798013 
125 2 -2.178013 
125 3 4.805305 
125 4 13.845305 
126 1 -10.788592 
126 2 -2.208592 
126 3 4.815743 
126 4 14.055743 
127 1 -11.199082 
127 2 -2.239082 
127 3 5.604095 
127 4 14.264095 
128 1 -11.189837 
128 2 -2.269837 
128 3 5.610321 
128 4 14.470321 
129 1 -11.180348 
129 2 -2.300348 
129 3 5.614506 
129 4 14.674506 
130 1 -11.190715 
130 2 -2.330715 
130 3 5.616548 
130 4 14.876548 
131 1 -11.181192 
131 2 -2.361192 
131 3 5.616610 
131 4 15.076610 
132 1 -11.591525 
132 2 -2.391525 
132 3 6.414730 
132 4 15.274730 
133 1 -11.582170 
133 2 -2.422170 
133 3 6.410871 
133 4 15.470871 
134 1 -11.592670 
134 2 -2.452670 
134 3 6.405071 
134 4 15.665071 
135 1 -11.583125 
135 2 -2.483125 
135 3 6.417330 
135 4 15.857330 
136 1 -11.993637 
136 2 -2.513637 
136 3 6.807850 
136 4 16.007850 
137 1 -11.983948 
137 2 -2.543948 
137 3 6.816469 
137 4 16.016469 
138 1 -11.994570 
138 2 -2.794570 
138 3 6.803308 
138 4 16.403308 
139 1 -12.385148 
139 2 -2.785148 
139 3 7.208406 
139 4 16.408406 
140 1 -12.395726 
140 2 -2.795726 
140 3 7.211903 
140 4 16.411903 
141 1 -12.386259 
141 2 -2.786259 
141 3 7.213558 
141 4 16.413558 
142 1 -12.397048 
142 2 -3.377048 
142 3 7.213672 
142 4 16.413672 
143 1 -12.727637 
143 2 -3.547637 
143 3 7.612084 
143 4 16.552084 
144 1 -12.758380 
144 2 -3.598380 
144 3 7.609054 
144 4 16.749054 
145 1 -12.789279 
145 2 -3.589279 
145 3 7.684381 
145 4 16.804381 
146 1 -12.780078 
146 2 -3.800078 
146 3 7.858205 
146 4 16.818205 
147 1 -12.851131 
147 2 -3.971131 
147 3 8.030586 
147 4 16.950586 
148 1 -12.882084 
148 2 -3.982084 
148 3 8.201463 
148 4 17.101463 
149 1 -12.913037 
149 2 -3.993037 
149 3 8.371039 
149 4 17.211039 
150 1 -12.944244 
150 2 -4.264244 
150 3 8.539168 
150 4 17.259168 
151 1 -12.975606 
151 2 -4.395606 
151 3 8.705952 
151 4 17.325952 
152 1 -13.006968 
152 2 -4.386968 
152 3 8.871532 
152 4 17.611532 
153 1 -13.038329 
153 2 -4.438329 
153 3 9.035808 
153 4 17.615808 
154 1 -13.069944 
154 2 -4.509944 
154 3 9.198736 
154 4 17.618736 
155 1 -13.101558 
155 2 -4.761558 
155 3 9.360561 
155 4 17.600561 
156 1 -13.133527 
156 2 -5.053527 
156 3 9.521236 
156 4 17.641236 
157 1 -13.165494 
157 2 -5.185494 
157 3 9.680705 
157 4 17.700705 
158 1 -13.197816 
158 2 -5.197816 
158 3 9.839025 
158 4 17.839025 
159 1 -13.230136 
159 2 -5.190136 
159 3 9.996339 
159 4 18.016339 
160 1 -13.262710 
160 2 -5.342710 
160 3 10.152600 
160 4 18.012600 
161 1 -13.295483 
161 2 -5.415483 
161 3 10.307855 
161 4 18.007855 
162 1 -13.328509 
162 2 -5.588509 
162 3 10.462057 
162 4 18.322057 
163 1 -13.361734 
163 2 -5.581734 
163 3 10.615351 
163 4 18.415351 
164 1 -13.395312 
164 2 -5.655312 
164 3 10.767690 
164 4 18.407690 
165 1 -13.429496 
165 2 -5.949496 
165 3 10.919023 
165 4 18.439023 
166 1 -13.463778 
166 2 -5.883778 
166 3 11.069546 
166 4 18.469546 
167 1 -13.498867 
167 2 -5.958867 
167 3 11.219160 
167 4 18.459160 
168 1 -13.534407 
168 2 -5.994407 
168 3 11.367911 
168 4 18.467911 
169 1 -13.570652 
169 2 -5.950652 
169 3 11.515747 
169 4 18.475747 
170 1 -13.607600 
170 2 -5.987600 
170 3 11.662664 
170 4 18.462664 
171 1 -13.645452 
171 2 -5.925452 
171 3 11.808858 
171 4 18.468858 
172 1 -13.684613 
172 2 -5.984613 
172 3 11.954019 
172 4 18.474019 
173 1 -13.724927 
173 2 -5.904927 
173 3 12.098189 
173 4 18.458189 
174 1 -13.766998 
174 2 -5.986998 
174 3 12.241452 
174 4 18.461452 
175 1 -13.810823 
175 2 -5.910823 
175 3 12.383592 
175 4 18.463592 
176 1 -13.857102 
176 2 -5.997102 
176 3 12.524576 
176 4 18.464576 
177 1 -13.905829 
177 2 -5.925829 
177 3 12.664376 
177 4 18.464376 
178 1 -13.957950 
178 2 -5.997950 
178 3 12.802577 
178 4 18.462577 
179 1 -14.014054 
179 2 -5.954054 
179 3 12.939103 
179 4 18.459103 
180 1 -14.074721 
180 2 -5.894721 
180 3 13.073547 
180 4 18.473547 
181 1 -14.141323 
181 2 -5.981323 
181 3 13.205438 
181 4 18.465438 
182 1 -14.214761 
182 2 -5.974761 
182 3 13.334308 
182 4 18.474308 
183 1 -14.297000 
183 2 -5.917000 
183 3 13.459217 
183 4 18.459217 
184 1 -9.389560 
184 2 -9.389560 
184 3 18.579029 
184 4 18.579029 
185 1 -9.479876 
185 2 -9.479876 
185 3 18.671715 
185 4 18.671715 
186 1 -9.486278 
186 2 -9.486278 
186 3 18.667268 
186 4 18.667268 
187 1 -9.577279 
187 2 -9.577279 
187 3 18.761451 
187 4 18.761451 
188 1 -9.652808 
188 2 -9.652808 
188 3 18.844670 
188 4 18.844670 
189 1 -9.705615 
189 2 -9.705615 
189 3 18.920777 
189 4 18.920777 
190 1 -9.701349 
190 2 -9.701349 
190 3 18.950276 
190 4 18.950276 
191 1 -9.507873 
191 2 -9.507873 
191 3 19.195822 
191 4 19.195822 
192 1 -9.275199 
192 2 -9.275199 
192 3 19.392031 
192 4 19.392031 
193 1 -9.053020 
193 2 -9.053020 
193 3 19.535761 
193 4 19.535761 
194 1 -8.872582 
194 2 -8.872582 
194 3 19.627583 
194 4 19.627583 
195 1 -8.713493 
195 2 -8.713493 
195 3 19.713706 
195 4 19.713706 
196 1 -8.676926 
196 2 -8.676926 
196 3 19.677834 
196 4 19.677834 
197 1 -8.568458 
197 2 -8.568458 
197 3 19.745591 
197 4 19.745591 
198 1 -8.543746 
198 2 -8.543746 
198 3 19.605297 
198 4 19.605297 
199 1 -8.643457 
199 2 -8.643457 
199 3 19.568646 
199 4 19.568646 
200 1 -9.247994 
200 2 -9.247994 
200 3 19.480105 
200 4 19.480105 
